Prime-term B-range certificate at t_critical (tau=0)
===============================================

B_min = 3.0
B_max = 4.9
B_h = 0.1
t_critical = 0.15
tau = 0.0
N = 1000000

primes <= N: 78498
tail_bound (n>N) = 0.0000000027839976842107422016355450099369076027548039881204

B, prime_sum, prime_ub, arch_term, margin
3.0000, 8.713579078832, 8.713579081616, 9.570036393390, 0.856457311774
3.1000, 8.756642704987, 8.756642707771, 9.584659678861, 0.828016971090
3.2000, 8.797014854509, 8.797014857293, 9.598369008991, 0.801354151698
3.3000, 8.834940207089, 8.834940209873, 9.611247470627, 0.776307260754
3.4000, 8.870634656578, 8.870634659362, 9.623368375697, 0.752733716336
3.5000, 8.904289423238, 8.904289426022, 9.634796657620, 0.730507231598
3.6000, 8.936074480639, 8.936074483423, 9.645590034992, 0.709515551568
3.7000, 8.966141426830, 8.966141429614, 9.655799986559, 0.689658556946
3.8000, 8.994625902168, 8.994625904952, 9.665472572255, 0.670846667303
3.9000, 9.021649635182, 9.021649637966, 9.674649127915, 0.652999489949
4.0000, 9.047322181544, 9.047322184328, 9.683366855792, 0.636044671464
4.1000, 9.071742408572, 9.071742411356, 9.691659328651, 0.619916917295
4.2000, 9.094999767645, 9.094999770429, 9.699556921850, 0.604557151420
4.3000, 9.117175389088, 9.117175391872, 9.707087185132, 0.589911793260
4.4000, 9.138343027738, 9.138343030522, 9.714275163720, 0.575932133198
4.5000, 9.158569882448, 9.158569885232, 9.721143676593, 0.562573791361
4.6000, 9.177917308692, 9.177917311476, 9.727713558471, 0.549796246996
4.7000, 9.196441440202, 9.196441442986, 9.734003870908, 0.537562427922
4.8000, 9.214193732900, 9.214193735684, 9.740032086993, 0.525838351309
4.9000, 9.231221442222, 9.231221445006, 9.745814253443, 0.514592808436

min_margin_grid = 0.514592808436387
L_ub (finite-diff) = 0.28440340684340426
margin_lb = 0.5003726380942168
elapsed_sec = 25.93
